# MAG          N-AS          N-FS        MS-ID; note N_AS=0 highlights singles or FS only
     3.731        16         6            23
     2.434         1         2            52
     1.876         0         1            59
     1.581         0         4            81
     2.189         7         1           100
     1.346         1         0           122
     1.616         0         1           140
     1.907         2         0           143
     1.419         1         3           166
     1.568         0         4           181
     2.601         6        15           243
     1.595         1         0           258
     3.907         1         0           273
     1.661         1         0           294
     1.887         1         1           327
     1.816         1         0           336
     1.560         1         0           339
     1.648         2         2           348
     2.046         1         1           346
     1.867         3         0           359
     1.487         1         0           378
     2.612        12         8           398
     1.288         1         0           428
     1.578         1         0           435
     1.905         1         0           451
     1.729         6         0           456
     2.531        13        25           541
     1.821         0         1           529
     1.813         1         7           601
     1.344         1         0           616
     2.589         3         0           636
     2.657         8        12           656
     1.848         0         9           690
     2.463         2         0           702
     1.800         1         0           716
     1.942         0         1           736
     2.125         3         0           750
     1.495         0         1           758
     2.784        17        18           793
     1.626         0         1           814
     1.564         3         1           818
     2.686        17         8           845
     2.544         1         0           828
     1.571         1         0           878
     3.870       215        65           997
     1.657         0         1           973
     2.836         7         0          1165
     2.333         0         2          1270
     2.927        12         9          1389
     2.198        13         0          1430
     1.572         1         0          1469
     1.696         0         1          1494
     2.103         1         2          1527
     1.514         1         0          1531
     1.742         0         1          1573
     2.165         4        19          1628
     2.889         6         5          1647
     2.047         1         2          1679
     3.129        25        16          1711
     1.764         3         5          1773
     1.455         0         1          1783
     1.773         2         0          1784
     2.493         0         1          1792
     2.192         3         0          1802
     1.366         0         1          1816
     1.547         0         2          1823
     1.432         0         7          1851
     2.142         0         1          1839
     1.918         1         0          1885
     1.390         1         0          1906
     1.838         3         0          1899
     1.883         5         0          1917
     2.115         1         0          1924
     2.072         1         0          1943
     2.019         0         9          1975
     2.348         2        15          2001
     1.788         2         3          1988
     1.993         5         0          2034
     2.327         1         0          2042
     1.712         4         2          2089
     3.852       496       368          2988
     1.731         1         0          2118
     2.586        26         1          2428
     1.792         1         0          2447
     1.762         1         2          3501
     1.636         3         0          2945
     2.051         2         1          3753
     1.596         0         2          3826
     2.306         2         5          4043
     2.606        41        32          4144
     1.413         2         1          4171
     1.608         1         3          4251
     3.310        21         6          4342
     1.362         0         1          4376
     2.229         0         1          4405
     1.499         1         0          4419
     1.790         0         1          4431
     1.581         1         1          4434
     1.328         1         0          4425
     2.347         3         1          4459
     1.425         0         1          4474
     1.960         1         4          4482
     1.583         2         0          4490
     1.406         1         1          4524
     1.755         2         0          4537
     1.776         0         1          4542
     1.642         2         1          4544
     1.958         1         0          4577
     2.763         3         0          4597
     2.282         3         9          4634
     2.123         0         1          4649
     1.554         0         1          4656
     2.420         2         0          4665
     2.064         0         1          4671
     1.795         4         0          4682
     1.983         4         0          4676
     2.468         4         0          4713
     1.604         0         2          4728
     1.828         1         0          4736
     1.447         1         0          4739
     2.202         1         2          4785
     1.506         3         1          4789
     1.410         1         0          4809
     1.623         2         2          4819
     1.811         0         1          4835
     2.486         1         0          4843
     1.323         0         1          4859
     1.637         0         3          4872
     1.521         0         1          4868
     2.363         1         1          4877
     2.084         0         3          4901
     2.424         4         0          4949
     2.219         2         1          4956
     2.106         0         2          4971
     1.501         1         0          5009
     3.060         3         0          5012
     1.512         1         0          5019
     1.766         0         1          5028
     1.373         4         0          5034
     2.471         2         0          5048
     1.275         1         1          5053
     1.981         5         0          5064
     2.398         0         1          5093
     1.841         1         0          5126
     1.955         0         2          5140
     2.173         1         0          5154
     1.833         1         0          5164
     2.251         5         1          5171
     1.679         1         0          5182
     1.693         0         1          5186
     1.464         0         1          5205
     2.054         1         0          5217
     1.625         0         1          5252
     2.581         1         0          5258
     2.785         2         0          5269
     1.588         0         1          5277
     2.544         2         0          5282
     2.966         1         4          5322
     1.661         2         0          5297
     1.585         2         0          5310
     1.616         2         0          5314
     3.490         3         0          5346
     2.023         0         1          5356
     2.410         0         1          5367
     2.118         1         0          5365
     2.196         1         0          5370
     2.476         0         7          5390
     3.160        35         1          5392
     2.194         2         1          5441
     1.768         1         0          5453
     1.417         1         0          5447
     2.254         3         4          5465
     1.934         1         2          5486
     1.858         1         0          5488
     1.727         0         4          5515
     1.419         0         2          5521
     2.148         0         4          5539
     1.461         2         0          5540
     1.974         0         9          5578
     2.129         1         1          5596
     1.455         1         0          5621
     2.257         1         0          5631
     1.725         1         0          5634
     1.370         1         0          5642
     2.168         3         2          5655
     3.270         2         1          5690
     1.566         0         2          5709
     1.660         1         1          5713
     2.815         1         2          5719
     1.480         0         1          5724
     2.340         1         2          5730
     1.732         3         0          5734
     2.868        12         1          5741
     2.959         6         0          5781
     1.954         3         0          5775
     2.525         6         0          5792
     2.319         1         0          5805
     1.702         1         0          5831
     1.771         0         4          5844
     1.937         2         1          5863
     1.429         0         1          5869
     1.442         1         0          5872
     2.692         1         7          5921
     2.868         8         8          5901
     1.725         3         4          5932
     1.975         0         1          5958
     1.400         0         1          5964
     2.581         1         0          5966
     1.860         0         1          5981
     2.150         5         0          5986
     1.343         0         1          6000
     1.397         1         1          6005
     2.506         1         0          6013
     3.310        10         4          6020
     1.609         1         0          6043
     2.320        20        10          6061
     3.345        23         1          6108
     3.580        13        30          6189
     1.695         4         0          6130
     2.569         0         1          6203
     1.922         0         1          6222
     2.211         5         1          6238
     2.599         2         4          6266
     1.819         1         2          6276
     2.181         0         1          6285
     1.808         2         0          6289
     1.739         1         1          6300
     1.746         0         3          6311
     1.267         0         1          6333
     1.945         0         1          6346
     1.731         0         1          6349
     1.234         0         1          6356
     1.502         1         1          6360
     1.806         1         0          6377
     3.360        65         9          6397
     1.474         0         1          6540
     2.022         1         0          6529
     1.533         1         0          6542
     1.524         1         0          6553
     2.586         1         0          6336
     1.847         0         2          6576
     3.470        30        28          6725
     3.370         7         0          6611
     1.651         2         0          6661
     2.325         7         1          6673
     2.495         3         5          6789
     2.904         4         0          6760
     1.493         1         0          6774
     2.036         0         1          6848
     1.419         1         0          6855
     1.867         1         0          5998
     1.697         1         0          6861
     3.530        16         2          6880
     4.830        75         7          6913
     1.735         1         1          7080
     1.722         1         4          7101
     1.978         0         5          7114
     1.960         1         4          7141
     3.460         9        73          7289
     1.733         1         0          7242
     3.380         3         0          7305
     2.033         1         0          7339
     2.470        17        14          7362
     1.481         1         0          7401
     1.452         2         0          7410
     1.984         1         2          7424
     2.013         4         0          7430
     1.973         1        12          7476
     2.221         4         0          7506
     1.568         0         1          7521
     1.732         0         2          7552
     1.455         1         0          7555
     1.833         0         2          7561
     1.874         2         1          7570
     2.017         0         1          7592
     1.622         1         0          7594
     1.787         0         1          7603
     1.889         2         0          7606
     1.833         0         2          7615
     1.613         0         1          7621
     1.988         2         4          7641
     1.394         0         1          7646
     1.572         0         1          7652
     1.953         1         0          7676
     1.922         4         7          7711
     2.398         2         0          7689
     1.424         0         2          7747
     2.208         2         0          7764
     2.254         1         0          7741
     1.340         0         3          7790
     2.162         1         1          7826
     2.090         4         2          7846
     1.572         0         1          7859
     1.392         1         0          7867
     1.409         0         1          7878
     1.887         4         4          7892
     1.985         0         3          7916
     1.282         1         0          7921
     1.937         0         3          7926
     2.023         0         3          7935
     1.966         3         0          7936
     1.635         1         7          7962
     2.227         1         1          7975
     1.571         0         1          7991
     1.563         1         1          7997
     1.613         0         1          8002
     2.000         1         0          8015
     1.981         4         1          8045
     2.155         5         3          8061
     1.902         3         0          8069
     1.394         1         0          8106
     1.831         0         1          8119
     1.889         1         0          8138
     1.439         0         1          8162
     2.322         1         2          8178
     1.385         1         0          8181
     1.546         1         0          8211
     1.555         1         0          8231
     1.605         1         0          8234
     1.451         1         0          8252
     1.957         1         0          8294
     1.623         1         0          8297
     2.547         3         4          8314
     1.637         1         2          8335
     1.675         1         1          8343
     1.604         1         0          8367
     1.765         1         0          8395
     1.434         1         0          8414
     2.532         7         3          8424
     2.674         0         2          8448
     1.613         0         1          8462
     2.074         1         1          8469
     1.808         2         1          8476
     2.680        29        22          8572
     1.872         0         2          8645
     2.904         2         2          8680
     1.842         0         2          8691
     2.893         1         2          8698
     1.309         1         0          8723
     2.485         1         1          8744
     2.124         1         0          8770
     1.587         0         1          8783
     2.714         2         6          8811
     1.920         0         1          8832
     1.642         0         1          8835
     1.830         3         1          8848
     1.611         0         2          8862
     4.342       434        53          8956
     2.745         4         0          9336
     2.158         3         1          9747
     1.764         0         5          9780
     3.270         8       101         10242
     1.862         1         0          9872
     1.417         2         0         10066
     2.971         5        10         10184
     2.088         2         4         10317
     2.556         3         6         10180
     2.111         4         9         10234
     2.819         9         6         10285
     1.808         1         0         10303
     1.975         0         1         10311
     2.251         1         0         10318
     1.656         1         1         10347
     1.486         1         1         10379
     2.151         1         7         10411
     1.887         1        13         10434
     1.568         1         0         10466
     1.351         0         1         10473
     1.370         1         0         10479
     1.308         1         0         10491
     2.462         1         0         10500
     1.714         1         0         10553
     1.619         0         1         10571
     2.566        14        32         10989
     2.611        14         8         10623
     3.120       124        80         10818
     1.924         1         0         10803
     2.324         1         0         10848
     1.581         0         1         10904
     2.373         2         1         10954
     2.457         1         0         10828
     1.367         0         1         11087
     1.772         3         0         11169
     2.018         2         0         11187
     2.567         6         5         11227
     2.087        24        26         11293
     2.080         1         0         11351
     1.810         1         0         11374
     1.362         1         0         11379
     1.733         1         3         11396
     3.050         4         0         11385
     1.699         1         0         11407
     1.909         0         1         11414
     1.617         1         0         11435
     2.467         2         0         11437
     1.412         0         1         11451
     1.728         1         0         11453
     1.876         7         1         11460
     1.893         4         0         11476
     2.271         0         2         11493
     2.754        12         5         11502
     1.503         3         1         11507
     2.198        13         4         11562
     1.451         2         0         11586
     1.927         0         1         11593
     1.342         1         0         11599
     2.144         2         0         11602
     1.442         2         0         11608
     1.646         1         0         11616
     1.611         0         1         11626
     1.975         4         6         11639
     2.017         1         3         11653
     1.362         0         1         11667
     2.367         2         0         11688
     1.595         1         0         11695
     2.188         1         0         11681
     2.232         0         7         11717
     1.484         1         0         11722
     1.937         0         1         11742
     1.514         1         0         11775
     2.890         2        17         11816
     2.802         1         2         11832
     1.773         1         0         11837
     3.090         3         0         11846
     1.450         0         1         11861
     1.678         1         0         11865
     2.478         6         2         11892
     1.527         0         2         11916
     1.638         3         0         11928
     1.902         1         6         11954
     2.192         2         0         11961
     2.410         4         1         11975
     1.842         0         1         12008
     2.293         3         1         12013
     1.835         0         2         12024
     1.708         2        10         12066
     1.682         1         0         12056
     1.398         1         0         12086
     2.091         0         1         12099
     2.647         6         2         12110
     2.232         1         0         12117
     2.130         1         4         12146
     1.598         0         1         12165
     2.198        11         4         12176
     2.133         5         0         12203
     1.376         1         0         12234
     1.896         0         1         12244
     1.652         2         0         12248
     2.033         4         0         12251
     2.571         3         1         12270
     1.789         0         2         12287
     2.279         8         2         12292
     2.504         3         1         12348
     1.388         1         0         12350
     3.460         2         0         12380
     3.440         1         0         12376
     1.985         1         0         12400
     1.942         0         2         12408
     3.081         0         1         12427
     1.932         0         1         12430
     1.476         0         1         12445
     1.428         0         1         12448
     2.157         0         2         12458
     2.264        24        12         12479
     1.702         1         1         12523
     1.530         1         0         12530
     1.534         1         0         12543
     1.792         2         1         12583
     1.393         0         1         12596
     1.484         1         1         12598
     1.663         0         1         12610
     1.254         1         0         12625
     1.873         1         0         12654
     1.787         4         1         12683
     1.754         1         1         12708
     1.716         3         1         12721
     2.961        12        11         12756
     1.555         1         0         12795
     2.538         3         0         12800
     1.326         0         1         12832
     2.506         0         1         12859
     1.437         1         0         12871
     2.984        23        28         12935
     1.349         1         0         12894
     2.427        12         0         12950
     1.723         1         0         12951
     1.758         2         0         13010
     1.938         1         0         13049
     1.758         0         3         13067
     1.411         0         1         13081
     1.842         0         5         13090
     1.506         0         1         13096
     2.875         2         3         13106
     2.347         4        13         13165
     1.521         1         6         13208
     2.499         1         0         13222
     2.081         2         0         12817
     1.808         4         0         13253
     1.457         1         0         13268
     2.470         2        11         13295
     1.774         1         0         13284
     1.987         1         0         13293
     1.508         2         0         13307
     1.961         1         4         13318
     2.204         1         2         13340
     1.287         0         1         13345
     1.362         0         1         13367
     1.384         0         1         13389
     1.931         1         0         13398
     2.148         0         2         13446
     1.517         0         2         13453
     1.846         0         1         13460
     2.260        23        12         13488
     3.140        20         3         13532
     1.637         3         0         13558
     1.321         0         1         13574
     2.440         1         2         13623
     1.604         0         1         13604
     1.908         1         0         13605
     2.145         3         7         13615
     3.630       127       168         13959
     1.892         4         0         13738
     2.186         4        10         14134
     1.600         1         0         14248
     1.731         2         0         14280
     1.884         1         0         14286
     1.592         0         1         14302
     2.218         4         1         14325
     1.580         0         1         14349
     2.236         2         1         14350
     1.748         0         2         14359
     1.618         3         0         14372
     1.719         0         2         14393
     1.731         0         1         14410
     2.352         0         6         14430
     2.594         3         2         14496
     2.150         1         0         14480
     1.606         0         1         14518
     1.823         1         0         14525
     1.535         0         1         14536
     1.376         0         1         14539
     1.299         0         1         14541
     1.356         0         1         14544
     2.824         1         1         14551
     1.413         0         1         14572
     2.031         1         1         14584
     2.394         2         0         14564
     1.536         0         1         14598
     1.306         0         1         14607
     2.449         0         2         14617
     2.124         3         7         14640
     3.337         1         0         14647
     2.295         7         9         14679
     1.456         0         1         14663
     1.620         1         0         14696
     1.711         0         1         14723
     1.938         1         0         14731
     2.407         9         4         14751
     1.491         0         2         14791
     1.982         2         0         14798
     1.843         1         0         14809
     2.021         0         1         14817
     1.808         0         1         14829
     2.318         0         1         14842
     2.149         0         3         14850
     2.126         1         5         14871
     1.747         1         1         14873
     1.475         1         0         14877
     1.753         0         1         14881
     4.112         2         0         14855
     1.764         2         1         14901
     1.861         1         0         14907
     2.256         3        10         14935
     1.235         0         1         14944
     1.684         1         0         14967
     3.130        14         1         14975
     1.855         1         0         14981
     1.933         0         2         14987
     2.255         2         0         14997
     3.932        73        46         15147
     3.330         5         0         15065
     2.322        13         2         15082
     1.664         3         0         15110
     2.278         0         2         15275
     2.669         3         0         15282
     2.351         2         2         15303
     2.125         9         5         15400
     2.245         3         0         15421
     2.033         1         0         15450
     2.434         2         0         15469
     1.737         0         1         15475
     2.708         0         1         15478
     1.580         0         0             7
     1.401         0         0            15
     1.321         0         0            56
     1.551         0         0            63
     1.290         0         0            68
     1.206         0         0            91
     1.730         0         0           121
     1.429         0         0           128
     1.273         0         0           135
     2.262         0         0           154
     1.710         0         0           155
     1.268         0         0           168
     1.956         0         0           188
     1.213         0         0           189
     1.243         0         0           197
     1.846         0         0           200
     1.917         0         0           201
     1.465         0         0           204
     1.880         0         0           262
     1.301         0         0           279
     1.262         0         0           284
     1.298         0         0           286
     1.754         0         0           289
     1.309         0         0           292
     1.395         0         0           298
     1.335         0         0           299
     1.433         0         0           300
     1.797         0         0           302
     1.881         0         0           304
     1.513         0         0           308
     1.315         0         0           312
     1.333         0         0           316
     1.587         0         0           317
     1.685         0         0           323
     1.238         0         0           330
     1.292         0         0           351
     2.035         0         0           355
     1.230         0         0           380
     1.316         0         0           410
     1.318         0         0           432
     1.429         0         0           433
     1.273         0         0           463
     1.319         0         0           467
     1.256         0         0           478
     1.518         0         0           479
     1.457         0         0           521
     1.502         0         0           575
     1.414         0         0           583
     1.211         0         0           584
     1.945         0         0           586
     1.369         0         0           623
     1.316         0         0           625
     1.754         0         0           628
     1.719         0         0           633
     1.209         0         0           666
     1.225         0         0           687
     1.225         0         0           694
     1.953         0         0           699
     1.931         0         0           700
     1.329         0         0           706
     1.560         0         0           720
     1.259         0         0           724
     1.856         0         0           726
     2.180         0         0           729
     1.263         0         0           730
     1.780         0         0           733
     1.978         0         0           740
     1.315         0         0           755
     1.498         0         0           760
     1.693         0         0           768
     1.376         0         0           772
     1.218         0         0           774
     1.458         0         0           862
     2.010         0         0           895
     1.378         0         0           897
     1.765         0         0          1185
     1.302         0         0          1423
     1.339         0         0          1456
     1.789         0         0          1457
     1.493         0         0          1468
     1.993         0         0          1482
     1.377         0         0          1483
     3.009         0         0          1484
     1.232         0         0          1486
     1.305         0         0          1487
     1.503         0         0          1489
     1.646         0         0          1499
     1.478         0         0          1504
     1.367         0         0          1505
     1.236         0         0          1508
     1.512         0         0          1513
     1.349         0         0          1514
     1.324         0         0          1520
     1.243         0         0          1530
     1.295         0         0          1533
     1.356         0         0          1539
     1.217         0         0          1542
     2.199         0         0          1544
     1.245         0         0          1545
     1.284         0         0          1549
     1.283         0         0          1561
     1.363         0         0          1565
     1.273         0         0          1568
     1.506         0         0          1574
     1.467         0         0          1576
     2.032         0         0          1581
     1.919         0         0          1596
     1.852         0         0          1624
     1.833         0         0          1662
     1.392         0         0          1667
     1.376         0         0          1670
     1.664         0         0          1752
     1.360         0         0          1754
     1.655         0         0          1755
     1.708         0         0          1759
     1.208         0         0          1790
     1.591         0         0          1794
     1.411         0         0          1797
     1.374         0         0          1798
     1.406         0         0          1810
     1.618         0         0          1813
     1.856         0         0          1814
     2.641         0         0          1831
     1.325         0         0          1844
     1.462         0         0          1848
     2.493         0         0          1853
     1.341         0         0          1857
     1.571         0         0          1861
     1.910         0         0          1865
     1.283         0         0          1867
     1.304         0         0          1872
     1.219         0         0          1874
     1.664         0         0          1875
     1.216         0         0          1876
     2.195         0         0          1879
     1.710         0         0          1883
     1.567         0         0          1889
     1.540         0         0          1894
     1.532         0         0          1895
     1.228         0         0          1896
     1.397         0         0          1897
     1.264         0         0          1900
     1.506         0         0          1911
     1.708         0         0          1913
     1.433         0         0          1916
     1.513         0         0          1929
     1.437         0         0          1930
     1.270         0         0          1931
     2.345         0         0          1933
     2.345         0         0          1934
     1.263         0         0          1945
     1.354         0         0          1947
     1.355         0         0          2007
     1.415         0         0          2011
     1.411         0         0          2018
     1.498         0         0          2020
     1.424         0         0          2022
     1.311         0         0          2027
     1.604         0         0          2028
     1.738         0         0          2033
     1.884         0         0          2049
     2.071         0         0          2050
     1.622         0         0          2054
     1.342         0         0          2061
     1.214         0         0          2062
     1.401         0         0          2063
     1.641         0         0          2066
     1.312         0         0          2069
     1.289         0         0          2070
     1.324         0         0          2074
     1.749         0         0          2075
     1.341         0         0          2080
     1.823         0         0          2082
     1.727         0         0          2083
     1.756         0         0          3509
     1.377         0         0          3590
     2.130         0         0          4084
     1.483         0         0          4266
     1.233         0         0          4271
     1.222         0         0          4281
     1.360         0         0          4303
     1.336         0         0          4313
     1.563         0         0          4317
     1.301         0         0          4318
     1.975         0         0          4322
     1.270         0         0          4325
     1.468         0         0          4333
     2.240         0         0          4354
     1.740         0         0          4379
     1.280         0         0          4382
     1.363         0         0          4387
     1.276         0         0          4398
     1.236         0         0          4404
     1.360         0         0          4409
     1.418         0         0          4412
     1.516         0         0          4413
     1.498         0         0          4416
     2.586         0         0          4417
     1.294         0         0          4418
     1.414         0         0          4426
     1.634         0         0          4428
     1.211         0         0          4435
     1.628         0         0          4439
     1.622         0         0          4448
     1.327         0         0          4453
     1.988         0         0          4499
     2.062         0         0          4500
     2.146         0         0          4503
     1.217         0         0          4505
     1.223         0         0          4512
     1.503         0         0          4519
     1.565         0         0          4529
     2.240         0         0          4549
     1.250         0         0          4553
     1.364         0         0          4554
     1.639         0         0          4561
     1.422         0         0          4563
     1.712         0         0          4564
     2.079         0         0          4570
     2.390         0         0          4573
     1.285         0         0          4579
     1.473         0         0          4584
     1.321         0         0          4587
     1.278         0         0          4589
     1.345         0         0          4592
     1.408         0         0          4595
     1.453         0         0          4596
     1.432         0         0          4607
     1.824         0         0          4609
     1.729         0         0          4616
     1.700         0         0          4631
     1.309         0         0          4632
     1.849         0         0          4650
     1.524         0         0          4657
     1.467         0         0          4658
     2.054         0         0          4660
     2.110         0         0          4661
     1.236         0         0          4674
     1.209         0         0          4679
     1.382         0         0          4681
     1.238         0         0          4687
     1.350         0         0          4693
     1.313         0         0          4694
     1.225         0         0          4695
     1.449         0         0          4696
     1.668         0         0          4697
     1.265         0         0          4701
     1.449         0         0          4706
     1.449         0         0          4705
     1.849         0         0          4717
     1.717         0         0          4719
     1.368         0         0          4720
     1.877         0         0          4738
     1.258         0         0          4742
     1.433         0         0          4743
     2.054         0         0          4745
     1.595         0         0          4750
     2.098         0         0          4753
     1.655         0         0          4756
     1.323         0         0          4760
     1.230         0         0          4763
     1.904         0         0          4765
     1.267         0         0          4766
     1.784         0         0          4768
     1.510         0         0          4774
     1.338         0         0          4775
     1.356         0         0          4778
     1.414         0         0          4780
     1.352         0         0          4782
     1.308         0         0          4796
     1.856         0         0          4799
     1.519         0         0          4802
     1.443         0         0          4804
     2.558         0         0          4807
     1.340         0         0          4814
     1.682         0         0          4816
     1.275         0         0          4825
     1.385         0         0          4828
     1.291         0         0          4836
     1.315         0         0          4847
     1.408         0         0          4848
     1.904         0         0          4852
     1.488         0         0          4853
     2.100         0         0          4856
     1.973         0         0          4860
     1.244         0         0          4869
     1.774         0         0          4882
     1.352         0         0          4885
     1.337         0         0          4891
     1.232         0         0          4907
     1.242         0         0          4908
     1.440         0         0          4909
     1.417         0         0          4910
     1.535         0         0          4911
     1.249         0         0          4913
     1.222         0         0          4914
     1.867         0         0          4916
     1.635         0         0          4918
     1.270         0         0          4919
     1.363         0         0          4920
     1.500         0         0          4928
     1.268         0         0          4929
     1.290         0         0          4931
     1.346         0         0          4932
     1.343         0         0          4934
     1.225         0         0          4937
     1.241         0         0          4941
     2.013         0         0          4948
     2.030         0         0          4952
     1.356         0         0          4953
     1.206         0         0          4954
     1.423         0         0          4959
     1.876         0         0          4960
     1.733         0         0          4964
     1.563         0         0          4968
     1.449         0         0          4974
     1.389         0         0          4978
     1.215         0         0          4979
     1.341         0         0          4980
     1.815         0         0          4981
     1.616         0         0          4989
     1.537         0         0          4990
     1.216         0         0          4994
     2.513         0         0          4996
     1.832         0         0          5017
     1.684         0         0          5023
     1.566         0         0          5029
     1.472         0         0          5031
     1.549         0         0          5033
     1.385         0         0          5045
     1.545         0         0          5059
     1.399         0         0          5075
     1.676         0         0          5077
     1.737         0         0          5079
     1.592         0         0          5083
     1.409         0         0          5086
     1.606         0         0          5100
     1.742         0         0          5110
     1.207         0         0          5114
     1.472         0         0          5116
     1.424         0         0          5117
     1.926         0         0          5121
     1.362         0         0          5122
     1.749         0         0          5145
     1.615         0         0          5152
     1.443         0         0          5157
     1.425         0         0          5161
     1.786         0         0          5167
     1.221         0         0          5169
     1.822         0         0          5188
     1.212         0         0          5189
     1.217         0         0          5191
     1.291         0         0          5196
     1.369         0         0          5206
     1.636         0         0          5222
     1.208         0         0          5226
     1.206         0         0          5237
     1.587         0         0          5263
     1.248         0         0          5265
     1.465         0         0          5267
     1.311         0         0          5279
     1.458         0         0          5280
     1.597         0         0          5281
     1.338         0         0          5293
     2.104         0         0          5303
     1.325         0         0          5305
     1.980         0         0          5307
     1.803         0         0          5324
     1.367         0         0          5327
     1.266         0         0          5328
     1.289         0         0          5335
     1.587         0         0          5336
     1.339         0         0          5341
     1.641         0         0          5342
     1.316         0         0          5343
     1.292         0         0          5345
     1.598         0         0          5357
     1.233         0         0          5361
     1.650         0         0          5450
     1.288         0         0          5451
     1.289         0         0          5480
     1.455         0         0          5495
     1.211         0         0          5505
     1.858         0         0          5509
     1.857         0         0          5526
     1.396         0         0          5527
     1.625         0         0          5556
     2.000         0         0          5603
     1.331         0         0          5609
     1.402         0         0          5612
     1.305         0         0          5616
     1.254         0         0          5619
     1.428         0         0          5623
     1.308         0         0          5628
     1.745         0         0          5633
     1.397         0         0          5643
     1.673         0         0          5644
     1.200         0         0          5647
     1.392         0         0          5649
     1.313         0         0          5664
     1.370         0         0          5667
     1.452         0         0          5672
     1.273         0         0          5673
     1.203         0         0          5677
     1.263         0         0          5684
     1.409         0         0          5703
     1.246         0         0          5711
     1.257         0         0          5755
     1.549         0         0          5760
     1.317         0         0          5776
     1.268         0         0          5779
     1.228         0         0          5812
     1.415         0         0          5813
     1.727         0         0          5815
     1.330         0         0          5820
     1.337         0         0          5821
     2.061         0         0          5823
     1.394         0         0          5824
     1.502         0         0          5825
     1.203         0         0          5829
     1.321         0         0          5833
     1.459         0         0          5835
     1.418         0         0          5837
     1.351         0         0          5849
     1.759         0         0          5851
     1.296         0         0          5877
     1.252         0         0          5925
     1.300         0         0          5942
     1.550         0         0          5946
     1.311         0         0          5951
     1.495         0         0          5959
     1.265         0         0          5967
     1.235         0         0          5968
     1.385         0         0          5971
     1.405         0         0          5976
     2.128         0         0          5979
     1.465         0         0          5982
     1.293         0         0          6008
     1.229         0         0          6010
     1.817         0         0          6042
     1.312         0         0          6214
     1.275         0         0          6219
     1.491         0         0          6223
     1.758         0         0          6234
     1.276         0         0          6248
     1.258         0         0          6252
     1.266         0         0          6288
     1.218         0         0          6323
     1.207         0         0          6342
     1.587         0         0          6351
     1.654         0         0          6354
     1.455         0         0          6359
     1.729         0         0          6366
     1.809         0         0          6368
     1.608         0         0          6373
     1.343         0         0          6374
     1.317         0         0          6382
     1.386         0         0          6461
     1.364         0         0          6467
     1.415         0         0          6502
     1.270         0         0          6527
     1.276         0         0          6533
     1.314         0         0          6535
     1.266         0         0          6551
     2.117         0         0          6554
     1.872         0         0          6566
     1.451         0         0          6581
     1.427         0         0          6584
     1.478         0         0          6603
     1.200         0         0          6604
     1.250         0         0          6606
     1.749         0         0          6620
     1.248         0         0          6627
     1.366         0         0          6634
     1.257         0         0          6665
     1.446         0         0          6667
     1.294         0         0          6702
     1.749         0         0          6712
     1.202         0         0          6717
     1.525         0         0          6810
     2.023         0         0          6827
     1.322         0         0          6831
     1.413         0         0          6839
     1.825         0         0          6842
     1.657         0         0          6857
     1.750         0         0          6859
     1.285         0         0          6863
     1.438         0         0          6873
     1.280         0         0          6901
     2.815         0         0          7049
     1.692         0         0          7082
     2.797         0         0          7084
     2.797         0         0          7085
     1.647         0         0          7088
     1.539         0         0          7094
     2.265         0         0          7095
     2.358         0         0          7096
     1.672         0         0          7121
     2.051         0         0          7136
     1.464         0         0          7287
     1.447         0         0          7327
     1.472         0         0          7331
     1.427         0         0          7338
     1.430         0         0          7340
     1.845         0         0          7344
     1.443         0         0          7394
     1.224         0         0          7396
     2.052         0         0          7398
     1.433         0         0          7400
     1.414         0         0          7405
     1.809         0         0          7408
     1.245         0         0          7409
     1.281         0         0          7419
     1.372         0         0          7427
     1.435         0         0          7438
     1.480         0         0          7440
     1.298         0         0          7467
     1.761         0         0          7471
     1.610         0         0          7484
     1.238         0         0          7498
     1.255         0         0          7499
     1.306         0         0          7502
     2.964         0         0          7503
     1.252         0         0          7512
     1.231         0         0          7514
     1.265         0         0          7516
     1.651         0         0          7533
     1.506         0         0          7540
     1.467         0         0          7544
     1.429         0         0          7546
     1.507         0         0          7558
     1.386         0         0          7562
     1.266         0         0          7588
     1.446         0         0          7597
     1.364         0         0          7626
     1.408         0         0          7627
     1.780         0         0          7653
     2.271         0         0          7658
     2.461         0         0          7667
     2.461         0         0          7668
     1.719         0         0          7670
     1.335         0         0          7671
     1.389         0         0          7673
     2.548         0         0          7679
     2.548         0         0          7678
     1.568         0         0          7685
     1.278         0         0          7691
     1.404         0         0          7732
     1.509         0         0          7740
     1.303         0         0          7743
     1.293         0         0          7746
     1.775         0         0          7759
     1.775         0         0          7760
     1.229         0         0          7771
     1.299         0         0          7774
     1.908         0         0          7776
     1.361         0         0          7780
     1.360         0         0          7793
     1.787         0         0          7794
     1.295         0         0          7795
     1.322         0         0          7796
     1.412         0         0          7801
     1.914         0         0          7803
     1.207         0         0          7806
     1.589         0         0          7812
     1.806         0         0          7816
     1.264         0         0          7819
     1.632         0         0          7823
     1.365         0         0          7831
     1.967         0         0          7835
     1.260         0         0          7838
     1.779         0         0          7840
     1.551         0         0          7850
     3.030         0         0          7855
     1.317         0         0          7870
     2.067         0         0          7871
     1.720         0         0          7873
     1.404         0         0          7879
     1.218         0         0          7880
     1.346         0         0          7881
     1.610         0         0          7883
     1.243         0         0          7899
     1.515         0         0          7900
     1.241         0         0          7905
     1.519         0         0          7907
     1.574         0         0          7909
     1.492         0         0          7911
     1.815         0         0          7920
     1.417         0         0          7964
     1.314         0         0          7965
     1.393         0         0          8000
     1.210         0         0          8006
     1.395         0         0          8009
     1.919         0         0          8011
     1.504         0         0          8028
     2.623         0         0          8031
     1.276         0         0          8032
     1.341         0         0          8034
     1.260         0         0          8036
     1.340         0         0          8038
     1.463         0         0          8088
     1.931         0         0          8094
     1.339         0         0          8110
     1.691         0         0          8113
     1.242         0         0          8116
     1.275         0         0          8117
     1.375         0         0          8120
     1.302         0         0          8121
     1.850         0         0          8125
     1.225         0         0          8129
     1.236         0         0          8130
     1.200         0         0          8134
     1.335         0         0          8140
     1.327         0         0          8142
     1.649         0         0          8147
     1.326         0         0          8150
     1.231         0         0          8157
     1.309         0         0          8167
     1.911         0         0          8168
     2.176         0         0          8189
     1.522         0         0          8192
     1.286         0         0          8198
     1.459         0         0          8201
     1.838         0         0          8209
     2.127         0         0          8210
     2.041         0         0          8217
     1.371         0         0          8219
     1.800         0         0          8220
     1.263         0         0          8223
     1.687         0         0          8225
     1.386         0         0          8226
     1.334         0         0          8228
     1.377         0         0          8247
     1.212         0         0          8254
     1.423         0         0          8256
     1.291         0         0          8257
     2.757         0         0          8259
     1.254         0         0          8261
     1.780         0         0          8274
     1.255         0         0          8280
     1.683         0         0          8281
     1.709         0         0          8282
     1.319         0         0          8284
     1.546         0         0          8287
     1.207         0         0          8289
     1.385         0         0          8300
     1.271         0         0          8321
     1.605         0         0          8322
     1.278         0         0          8324
     1.419         0         0          8327
     1.710         0         0          8341
     1.521         0         0          8353
     1.208         0         0          8354
     1.496         0         0          8357
     1.846         0         0          8361
     1.750         0         0          8362
     1.587         0         0          8374
     1.406         0         0          8375
     1.532         0         0          8383
     1.459         0         0          8391
     1.286         0         0          8393
     1.341         0         0          8403
     1.259         0         0          8409
     1.310         0         0          8416
     1.351         0         0          8418
     1.860         0         0          8449
     1.781         0         0          8454
     1.982         0         0          8456
     1.259         0         0          8463
     1.408         0         0          8464
     1.300         0         0          8467
     2.067         0         0          8472
     1.872         0         0          8474
     1.528         0         0          8485
     1.417         0         0          8486
     1.489         0         0          8487
     1.861         0         0          8499
     1.318         0         0          8501
     1.588         0         0          8517
     1.856         0         0          8640
     1.466         0         0          8647
     1.378         0         0          8652
     1.378         0         0          8653
     1.442         0         0          8660
     1.495         0         0          8664
     1.358         0         0          8665
     1.318         0         0          8669
     1.776         0         0          8685
     1.273         0         0          8701
     1.656         0         0          8703
     1.218         0         0          8704
     1.297         0         0          8708
     1.286         0         0          8709
     2.211         0         0          8713
     1.497         0         0          8732
     1.565         0         0          8734
     1.330         0         0          8735
     1.251         0         0          8736
     1.476         0         0          8737
     1.204         0         0          8748
     1.727         0         0          8750
     1.690         0         0          8758
     1.405         0         0          8760
     1.283         0         0          8761
     1.255         0         0          8764
     1.977         0         0          8769
     1.323         0         0          8773
     1.235         0         0          8774
     1.567         0         0          8780
     2.103         0         0          8789
     1.230         0         0          8794
     1.222         0         0          8796
     1.542         0         0          8823
     1.403         0         0          8838
     1.447         0         0          8856
     1.322         0         0          8859
     1.451         0         0          8927
     1.361         0         0          8934
     1.249         0         0          9475
     1.262         0         0          9497
     1.353         0         0          9536
     1.385         0         0          9587
     1.385         0         0          9588
     1.227         0         0          9752
     1.222         0         0          9758
     1.222         0         0          9781
     1.262         0         0         10212
     1.457         0         0         10250
     1.297         0         0         10252
     1.237         0         0         10264
     1.311         0         0         10269
     1.250         0         0         10271
     1.547         0         0         10300
     1.262         0         0         10325
     1.486         0         0         10340
     1.377         0         0         10342
     2.121         0         0         10344
     3.224         0         0         10351
     3.224         0         0         10352
     1.265         0         0         10373
     1.812         0         0         10385
     1.252         0         0         10403
     1.496         0         0         10448
     2.242         0         0         10452
     1.316         0         0         10474
     1.295         0         0         10476
     1.333         0         0         10477
     2.264         0         0         10480
     2.089         0         0         10487
     1.246         0         0         10507
     1.263         0         0         10508
     1.254         0         0         10511
     1.214         0         0         10512
     1.900         0         0         10514
     1.518         0         0         10527
     1.411         0         0         10531
     1.425         0         0         10534
     1.525         0         0         10538
     1.253         0         0         10541
     1.772         0         0         10545
     1.510         0         0         10557
     1.472         0         0         10562
     1.286         0         0         10563
     1.392         0         0         10564
     1.425         0         0         10567
     1.550         0         0         10569
     1.211         0         0         11151
     1.854         0         0         11155
     1.528         0         0         11163
     1.264         0         0         11164
     1.342         0         0         11166
     1.247         0         0         11181
     1.694         0         0         11183
     1.586         0         0         11184
     1.260         0         0         11186
     1.301         0         0         11196
     2.141         0         0         11197
     1.979         0         0         11202
     1.255         0         0         11206
     1.610         0         0         11209
     1.216         0         0         11215
     1.549         0         0         11360
     1.981         0         0         11363
     1.497         0         0         11368
     1.598         0         0         11373
     1.415         0         0         11404
     1.438         0         0         11405
     1.366         0         0         11421
     1.308         0         0         11425
     1.348         0         0         11443
     1.489         0         0         11458
     1.646         0         0         11494
     1.638         0         0         11501
     1.471         0         0         11524
     1.357         0         0         11525
     1.338         0         0         11532
     1.329         0         0         11546
     1.500         0         0         11549
     1.206         0         0         11552
     1.306         0         0         11595
     1.382         0         0         11606
     1.945         0         0         11658
     1.261         0         0         11664
     1.432         0         0         11669
     1.334         0         0         11670
     1.564         0         0         11671
     1.497         0         0         11673
     2.486         0         0         11678
     1.213         0         0         11686
     1.924         0         0         11697
     1.866         0         0         11704
     1.451         0         0         11725
     1.380         0         0         11729
     1.428         0         0         11730
     1.820         0         0         11734
     1.799         0         0         11735
     1.669         0         0         11737
     1.227         0         0         11738
     1.256         0         0         11754
     1.224         0         0         11756
     1.298         0         0         11757
     1.275         0         0         11758
     1.923         0         0         11759
     2.154         0         0         11766
     1.448         0         0         11772
     1.201         0         0         11773
     1.337         0         0         11779
     1.897         0         0         11783
     1.313         0         0         11786
     1.668         0         0         11828
     1.474         0         0         11834
     1.222         0         0         11845
     1.269         0         0         11850
     1.398         0         0         11869
     1.494         0         0         11871
     1.204         0         0         11872
     1.215         0         0         11876
     1.741         0         0         11877
     3.005         0         0         11891
     1.220         0         0         11899
     1.279         0         0         11902
     1.537         0         0         11926
     1.223         0         0         11968
     1.845         0         0         11971
     1.429         0         0         11972
     1.201         0         0         11987
     1.324         0         0         11988
     1.211         0         0         11990
     1.305         0         0         11992
     1.643         0         0         11995
     1.540         0         0         12000
     1.274         0         0         12004
     1.283         0         0         12010
     1.488         0         0         12018
     2.039         0         0         12020
     1.401         0         0         12028
     1.216         0         0         12029
     1.854         0         0         12049
     1.606         0         0         12071
     1.224         0         0         12077
     1.294         0         0         12079
     1.249         0         0         12083
     1.505         0         0         12093
     1.768         0         0         12095
     1.271         0         0         12101
     1.412         0         0         12105
     1.436         0         0         12109
     1.293         0         0         12130
     1.343         0         0         12134
     1.539         0         0         12136
     1.472         0         0         12139
     3.511         0         0         12149
     1.201         0         0         12158
     1.631         0         0         12160
     1.812         0         0         12161
     1.374         0         0         12169
     1.280         0         0         12214
     2.292         0         0         12221
     1.236         0         0         12224
     1.626         0         0         12229
     1.207         0         0         12230
     1.455         0         0         12231
     1.692         0         0         12237
     1.390         0         0         12238
     1.220         0         0         12240
     1.267         0         0         12245
     1.373         0         0         12254
     1.412         0         0         12256
     1.710         0         0         12258
     1.204         0         0         12289
     1.393         0         0         12327
     1.297         0         0         12334
     2.595         0         0         12338
     1.497         0         0         12346
     1.213         0         0         12363
     2.290         0         0         12364
     1.226         0         0         12370
     1.256         0         0         12371
     1.227         0         0         12372
     1.244         0         0         12374
     1.780         0         0         12379
     1.434         0         0         12388
     1.441         0         0         12411
     1.846         0         0         12416
     1.719         0         0         12417
     1.379         0         0         12418
     1.261         0         0         12422
     1.580         0         0         12425
     1.207         0         0         12432
     1.233         0         0         12433
     1.278         0         0         12437
     1.310         0         0         12439
     1.222         0         0         12441
     1.412         0         0         12521
     1.586         0         0         12522
     1.351         0         0         12525
     1.691         0         0         12534
     1.320         0         0         12537
     1.728         0         0         12540
     1.561         0         0         12544
     1.662         0         0         12545
     1.406         0         0         12550
     1.551         0         0         12566
     1.288         0         0         12579
     1.319         0         0         12591
     2.581         0         0         12592
     1.762         0         0         12593
     2.872         0         0         12594
     1.618         0         0         12606
     1.204         0         0         12607
     1.495         0         0         12612
     1.720         0         0         12614
     1.591         0         0         12616
     1.657         0         0         12622
     1.614         0         0         12643
     1.619         0         0         12644
     2.368         0         0         12647
     1.421         0         0         12651
     1.820         0         0         12656
     1.695         0         0         12670
     1.293         0         0         12671
     1.449         0         0         12673
     1.367         0         0         12680
     1.317         0         0         12700
     1.518         0         0         12702
     1.448         0         0         12706
     1.258         0         0         12717
     1.530         0         0         12777
     1.332         0         0         12781
     2.633         0         0         12782
     2.261         0         0         12787
     1.438         0         0         12791
     1.472         0         0         12793
     1.503         0         0         12815
     1.312         0         0         12816
     1.333         0         0         12826
     1.203         0         0         12828
     1.346         0         0         12835
     1.400         0         0         12839
     1.777         0         0         12843
     1.962         0         0         12845
     1.786         0         0         12850
     1.290         0         0         12853
     1.780         0         0         12855
     1.586         0         0         12857
     1.829         0         0         12860
     1.642         0         0         12867
     2.199         0         0         12869
     1.401         0         0         12873
     1.851         0         0         12877
     1.856         0         0         13005
     1.538         0         0         13029
     2.031         0         0         13030
     1.723         0         0         13032
     1.403         0         0         13036
     1.268         0         0         13037
     1.287         0         0         13047
     1.454         0         0         13048
     1.242         0         0         13053
     2.054         0         0         13071
     1.468         0         0         13075
     1.529         0         0         13076
     1.362         0         0         13078
     1.989         0         0         13082
     1.880         0         0         13097
     1.835         0         0         13104
     2.078         0         0         13111
     1.359         0         0         13112
     2.023         0         0         13148
     1.261         0         0         13171
     1.348         0         0         13234
     1.286         0         0         13246
     2.308         0         0         13251
     1.216         0         0         13266
     1.373         0         0         13267
     1.424         0         0         13280
     1.310         0         0         13286
     1.559         0         0         13302
     1.313         0         0         13304
     1.290         0         0         13322
     1.339         0         0         13323
     1.695         0         0         13325
     1.772         0         0         13326
     1.205         0         0         13327
     1.751         0         0         13346
     1.752         0         0         13349
     1.556         0         0         13382
     1.934         0         0         13392
     1.745         0         0         13404
     1.228         0         0         13408
     1.271         0         0         13412
     1.204         0         0         13413
     2.370         0         0         13425
     1.263         0         0         13428
     1.308         0         0         13433
     1.223         0         0         13435
     1.617         0         0         13437
     1.617         0         0         13436
     1.680         0         0         13441
     1.407         0         0         13455
     1.356         0         0         13456
     1.586         0         0         13463
     1.575         0         0         13557
     1.853         0         0         13581
     1.338         0         0         13621
     1.588         0         0         13622
     1.648         0         0         13624
     1.264         0         0         14279
     1.450         0         0         14291
     1.356         0         0         14292
     1.446         0         0         14303
     1.621         0         0         14310
     1.458         0         0         14315
     1.482         0         0         14321
     1.580         0         0         14322
     1.407         0         0         14333
     2.024         0         0         14334
     1.205         0         0         14342
     1.345         0         0         14345
     1.484         0         0         14358
     1.362         0         0         14360
     1.361         0         0         14363
     1.309         0         0         14382
     1.226         0         0         14386
     1.671         0         0         14402
     1.897         0         0         14413
     1.855         0         0         14415
     1.356         0         0         14444
     1.701         0         0         14451
     1.650         0         0         14453
     1.597         0         0         14454
     1.326         0         0         14455
     1.329         0         0         14457
     1.312         0         0         14461
     1.294         0         0         14465
     1.422         0         0         14469
     1.565         0         0         14473
     1.319         0         0         14475
     1.800         0         0         14488
     1.397         0         0         14489
     1.483         0         0         14492
     1.554         0         0         14493
     2.192         0         0         14494
     1.454         0         0         14498
     1.207         0         0         14508
     2.132         0         0         14509
     2.138         0         0         14510
     1.699         0         0         14512
     2.128         0         0         14529
     1.335         0         0         14530
     1.810         0         0         14532
     1.651         0         0         14534
     1.482         0         0         14540
     2.080         0         0         14543
     1.586         0         0         14555
     1.559         0         0         14556
     1.496         0         0         14557
     1.654         0         0         14558
     1.371         0         0         14563
     1.479         0         0         14569
     1.318         0         0         14574
     1.266         0         0         14575
     1.576         0         0         14576
     1.205         0         0         14583
     1.290         0         0         14585
     1.429         0         0         14586
     1.263         0         0         14591
     1.315         0         0         14593
     1.420         0         0         14594
     1.431         0         0         14599
     1.580         0         0         14604
     1.408         0         0         14623
     1.322         0         0         14656
     1.294         0         0         14709
     1.502         0         0         14715
     1.302         0         0         14771
     2.050         0         0         14774
     1.835         0         0         14776
     1.245         0         0         14777
     1.202         0         0         14778
     1.201         0         0         14796
     1.412         0         0         14802
     1.506         0         0         14822
     1.506         0         0         14821
     1.503         0         0         14831
     1.203         0         0         14834
     1.229         0         0         14887
     1.303         0         0         14889
     1.502         0         0         14891
     1.775         0         0         14914
     1.907         0         0         14955
     1.308         0         0         14960
     1.224         0         0         14961
     2.500         0         0         14963
     1.298         0         0         14966
     1.319         0         0         14978
     1.280         0         0         14993
     1.289         0         0         15004
     1.252         0         0         15037
     2.021         0         0         15058
     1.233         0         0         15108
     1.223         0         0         15119
     1.240         0         0         15196
     1.581         0         0         15269
     1.304         0         0         15312
     1.715         0         0         15353
     1.449         0         0         15362
     1.505         0         0         15364
     2.888         0         0         15368
     1.548         0         0         15415
     1.557         0         0         15419
     1.391         0         0         15438
     1.684         0         0         15444
     1.278         0         0         15446
     1.631         0         0         15447
     1.957         0         0         15448
     1.429         0         0         15452
     1.819         0         0         15457
     1.223         0         0         15458
     1.271         0         0         15462
     1.854         0         0         15468
     1.221         0         0         15473
